0.0811888
0.0421681
0.0401453
0.0300419
0.030848
0.0233403
0.0303647
0.0230104
0.0244959
0.0164202
0.0207025
0.0172741
0.0128878
0.0247048
0.0141301
0.0178256
0.0116476
0.0203222
0.017237
0.00977028
0.0124454
0.0173638
0.0106809
0.0108695
0.0120996
0.0150128
0.00819094
0.0152004
0.0115562
0.0120396
0.0096223
0.0128414
0.0125323
0.0195052
0.013767
0.00779571
0.0105022
0.0112432
0.0097894
0.00594361
0.00830802
0.0143944
0.00974197
0.00840189
0.00722453
0.00754365
0.00934714
0.00560305
0.00764994
0.00716863
0.00703009
0.00723017
0.00372954
0.00636867
0.00499415
0.012218
0.00567545
0.00457483
0.00508765